4.394972324371337891e-02 2.212161421775817871e-01 -2.093118429183959961e-02 -1.230060756206512451e-01 4.080235958099365234e-03 1.242036223411560059e-01 -2.027353644371032715e-02 1.002616286277770996e-01 7.230108976364135742e-02 7.780117541551589966e-02 8.137828111648559570e-02 2.026885986328125000e+00 -3.950696587562561035e-01 -3.671452701091766357e-01
-7.697626948356628418e-02 4.175245761871337891e-02 9.377098083496093750e-02 -1.166991293430328369e-01 -5.921441316604614258e-02 1.083173751831054688e-01 -1.451954543590545654e-01 -1.321564912796020508e-01 1.460467576980590820e-01 4.278700053691864014e-02 4.160983860492706299e-02 2.410156726837158203e+00 -2.704442441463470459e-01 1.221358776092529297e-02
3.890222311019897461e-02 -3.060476779937744141e-01 -9.615448117256164551e-02 1.355438232421875000e-01 -2.698782682418823242e-01 -8.974528312683105469e-02 1.163448691368103027e-01 -9.401005506515502930e-02 -8.904764056205749512e-02 3.142743930220603943e-02 3.009256906807422638e-02 2.661267995834350586e+00 1.533824205398559570e-01 2.108671665191650391e-01
1.162506937980651855e-01 -9.697899222373962402e-02 -2.738845348358154297e-02 1.181810498237609863e-01 2.071863412857055664e-01 -9.184181690216064453e-03 3.349864482879638672e-02 1.810613274574279785e-01 9.472882747650146484e-02 5.768568813800811768e-02 1.359722912311553955e-01 2.435708999633789062e+00 -4.387452602386474609e-01 -3.792803287506103516e-01
1.113139390945434570e-01 -9.691277146339416504e-02 -1.305207610130310059e-02 1.352977752685546875e-01 -2.342303991317749023e-01 1.606738567352294922e-02 4.978847503662109375e-02 -3.874536156654357910e-01 3.485357761383056641e-02 4.034759849309921265e-02 4.264087229967117310e-02 2.626096248626708984e+00 -1.237210929393768311e-01 -1.552058756351470947e-01
9.281808137893676758e-02 -1.373969912528991699e-01 8.640217781066894531e-02 1.066261529922485352e-01 -1.532947421073913574e-01 9.683060646057128906e-02 5.675923824310302734e-02 -3.936880528926849365e-01 1.552363634109497070e-01 4.706613719463348389e-02 4.461565613746643066e-02 2.363233089447021484e+00 -1.021988391876220703e-01 -2.371038496494293213e-01
4.926300048828125000e-02 3.905845284461975098e-01 -1.134612560272216797e-01 5.622887611389160156e-02 1.054485440254211426e-01 -3.002855181694030762e-02 3.937381505966186523e-02 1.391387581825256348e-01 6.456017494201660156e-02 6.351794302463531494e-02 9.645374119281768799e-02 2.533783674240112305e+00 4.122406244277954102e-02 5.948138236999511719e-02
5.326378345489501953e-02 3.718823790550231934e-01 -1.256668567657470703e-01 1.288024187088012695e-01 1.830393075942993164e-02 -2.396818995475769043e-02 7.768350839614868164e-02 -1.339668035507202148e-02 -4.149797558784484863e-02 7.275076210498809814e-02 1.158417463302612305e-01 2.075564146041870117e+00 2.400556802749633789e-01 -4.463616013526916504e-02
6.709867715835571289e-02 -7.214295864105224609e-02 1.237043738365173340e-01 7.189571857452392578e-03 3.375447392463684082e-01 7.527768611907958984e-03 1.191352605819702148e-01 -5.128023028373718262e-02 2.061933279037475586e-02 6.179117411375045776e-02 5.751981586217880249e-02 2.305955410003662109e+00 -4.350235164165496826e-01 -3.789463639259338379e-01
-1.655560731887817383e-02 -3.150490522384643555e-01 2.184855937957763672e-01 5.585885047912597656e-02 -2.861410379409790039e-02 1.846476793289184570e-01 1.062226891517639160e-01 -1.279552876949310303e-01 3.670901060104370117e-02 3.503550216555595398e-02 3.541931137442588806e-02 1.934569597244262695e+00 -2.618322968482971191e-01 3.424973487854003906e-01
